Buyers: 100 Users: 1000 L: 50 L per user: 20 Max Valution:1000
478114 639377 639377
542826 694159 542826
518896 709275 708759
539032 660568 660568
482125 702862 701870
503361 675365 675365
608781 753888 753888
595980 716850 712149
561384 715827 715827
443540 658946 661250
536106 708360 705161
424536 564417 564417
513252 685794 685794
501370 690303 690303
494615 654820 654820
522697 628711 628711
530604 743745 743745
527714 680992 676720
514727 676071 514727
491150 658724 655591
439922 639366 639366
465682 656180 656013
516096 655991 655991
481104 682940 683003
519124 672767 679206
488800 593991 593991
403052 645848 645351
490622 576085 576085
513659 676454 676093
626880 804023 805633
465102 665174 668785
472570 595623 595623
572565 732266 730732
579726 702457 702457
536033 687138 536033
431635 607957 606966
409104 607045 603082
508163 681095 677566
532416 692172 692172
539453 664486 664486
593490 676561 676561
565684 774424 774424
559654 766813 765439
500388 692223 690780
527220 700196 704497
605470 764344 760089
523200 728351 728351
650665 774115 772952
483394 678037 678037
558939 714174 714174
528240 664808 664808
580302 669859 580302
444576 622311 626858
554580 730056 730056
522627 683304 683304
458689 645218 645218
493933 690305 690305
493506 710581 710581
524170 709822 703814
549125 723131 720600
553850 697758 696910
476760 685497 685497
561100 723778 723778
487482 693003 693003
494740 624760 624760
500480 749116 748560
509960 697037 693838
528444 713609 713497
570968 736961 736961
621240 769185 769134
471210 686726 686726
536220 731530 731530
464340 691111 690408
499421 656940 655659
482446 699234 698382
568800 750117 749447
496725 705795 703609
562734 718338 717367
479120 665080 664643
460191 659197 657492
494844 658415 658415
455700 613683 610878
517707 657289 657289
565398 719836 710396
500499 696111 696111
517482 650557 643157
589956 750883 750580
562268 674117 674117
484902 559183 559183
477000 624191 624191
522692 700060 700879
464360 669216 666570
514843 692962 692962
537570 706428 705362
564132 706225 706225
578820 700711 700711
474444 621340 621340
563030 706441 706329
645888 764418 645888
456248 592599 592599
522328 703734 707586
473598 656649 656103
443821 593647 593647
473385 624457 624457
518616 711558 711558
486330 672423 672318
550539 677437 677437
537336 665221 665221
547626 665535 665535
596600 751982 750472
499797 678546 676151
498498 636611 636611
459459 624441 623027
452020 592630 592630
516705 694997 693168
560065 704200 707895
433285 613250 609081
593640 668351 668351
563652 728539 726950
575484 697950 697950
468414 671213 670999
472948 661169 661169
573600 726102 725004
555076 717412 713947
583432 761353 761353
504125 655262 654969
487656 681348 681150
465280 619055 619055
500425 733250 733361
646736 783153 783153
530320 700911 693112
517320 684141 684141
521920 675871 672719
510236 614827 614827
476621 640034 640034
584320 746924 746924
568564 739736 724907
626706 742617 626706
534609 729533 729370
403176 628099 629730
474726 658884 658138
495216 671083 671083
495510 691610 696800
650652 768762 768422
473110 620357 620357
547975 726868 725547
578952 700503 578952
529246 705590 704861
573480 754086 753621
627912 739037 627912
426255 628489 628489
501723 667195 665064
532338 696292 696292
624268 780801 780801
594506 746642 746642
461440 704729 704729
569050 704841 721485
520972 698850 698850
559728 716502 716502
488070 695873 695873
596360 687556 687556
480861 675419 675419
563640 734967 563640
552600 709299 706487
531576 709631 709489
526128 750673 750673
592296 750803 750696
553476 736561 736561
401850 624069 627737
616284 739627 616284
501545 638082 638082
419650 516461 516461
533246 687377 687377
527033 726410 682300
536022 725688 725688
530957 621058 621058
604485 752489 751697
553884 696301 696301
568689 732580 726233
452211 658572 658572
618336 769900 618336
563953 765977 765977
521595 723398 721647
659400 745998 741219
486390 622145 622145
517397 683144 681521
508266 711287 710468
585182 747929 712856
479320 686818 686137
507572 662650 644062
537138 697399 697399
480078 620162 620162
634491 756850 756850
540858 706699 705791
548009 739695 739503
517599 732998 732998
532332 717518 715431
492768 644175 644175
525746 737171 735901
468264 640722 640722
