Buyers: 100 Users: 1000 L: 50 L per user: 20 Max Valution:1000
522342 662636 662636
471740 615568 471740
457322 652392 658829
500892 672363 671745
515328 690912 690912
462512 653872 653872
534315 686880 686877
496964 671221 669649
526032 706253 706253
543837 682784 679782
586245 741715 741715
488908 668548 668548
535149 693812 692870
509334 671907 671907
455100 656089 652400
501402 664683 664683
545412 730356 730356
524643 643019 643019
544688 703013 703013
504532 698823 696251
495950 681276 681276
573888 731219 730593
473315 636868 636868
529100 688215 686465
455832 670937 670553
444098 669906 669667
482040 698614 682352
523040 712829 712829
445060 609354 609354
508000 673534 673534
410320 577291 576589
546940 697217 697217
474320 595736 595736
639848 744838 639848
494466 607121 607121
505440 723555 723747
559181 712344 712344
543592 722745 722745
404274 607665 593561
440860 611542 609594
514290 702995 702995
465132 592100 591998
573631 730680 730680
394706 501951 501951
610305 731563 730459
551925 648685 648685
521406 688715 692348
574122 744029 743719
603885 720297 720790
518748 739039 737805
542636 721083 720719
557833 718870 718870
524512 701195 700870
549626 657576 549626
591364 719386 697228
560352 680474 680474
487623 677808 677012
618450 761947 618450
512720 715953 715903
546577 706125 705929
615978 771305 615978
596967 764330 596967
424160 615348 612195
489658 689835 689603
462753 573184 573184
546702 672563 666528
482976 677531 677531
529248 655316 651301
591354 763942 763235
547514 670687 669269
448868 598465 598465
564114 739315 739315
453102 599904 599904
526779 720884 719563
588900 734084 734039
541944 682989 682989
641714 806430 806430
528778 751479 751479
525584 626492 626492
617892 720503 720503
445740 647860 647860
483615 637905 635169
604933 765480 765480
533904 623486 623486
398840 557772 557772
531810 725520 725520
556140 755860 755691
541070 721813 719748
540918 667059 670415
524744 715112 715112
569034 734834 569034
419520 601429 601429
524012 670028 670028
441840 597495 597495
448742 624572 448742
457828 593910 593910
520671 641397 640977
545493 738803 738658
476820 595744 595744
524636 671213 524636
530714 741689 741689
457912 656516 656516
587328 737525 587328
583914 743280 742837
576594 790527 790527
506076 679303 678950
521000 655181 653653
509960 613229 613229
470433 590632 590632
538896 643088 643088
563137 731770 731585
452925 607513 607513
455039 625884 625884
515442 703113 702471
578100 723390 723390
537158 618935 618935
440836 647799 655186
448601 667392 667336
495216 697272 697272
586641 754829 754718
550275 666892 665905
506464 682830 682830
