Buyers: 100 Users: 1000 L: 50 L per user: 20 Max Valution:1000
502272 669627 668244
445935 642096 639897
565761 748789 565761
551000 703400 551000
516120 676992 672041
589375 729401 727223
469370 666715 665298
552064 734254 732886
551760 673270 668536
533316 697003 697003
572865 695063 695063
441728 657756 657642
532800 688999 688891
394500 532300 532300
539784 680475 680105
562725 693479 562725
552365 734008 734008
536263 710814 709627
630365 727730 727730
467454 669388 669388
438196 613252 613252
468125 607291 607291
452364 656935 656935
434184 664643 664643
494316 630625 630625
557515 680030 677559
572850 730854 730230
513023 646162 646162
542996 728251 728251
496230 650533 650533
490976 664951 667225
514080 716667 514080
496756 736804 736750
540230 662256 662256
452360 668336 668336
479487 618566 618566
444141 653563 653563
625464 734634 625464
512766 720877 720779
517650 647392 647392
511543 686297 686297
486200 616894 616894
583578 736400 734021
502976 671755 671755
