Buyers: 100 Users: 1000 L: 50 L per user: 20 Max Valution:1000
584336 700166 584336
443682 655712 655712
629748 738780 738780
471350 699778 699357
469420 688614 681399
517000 683226 683226
557172 703971 703217
520520 702525 702525
523884 733129 733129
545706 716160 701453
483336 647311 644903
498648 672187 672187
625116 761959 761959
499970 648795 648795
471932 667922 667922
499465 654920 654248
521696 699879 702800
524975 640888 643906
543006 705189 703013
470439 664025 663837
540704 694478 686774
523825 700226 700226
540855 674401 671686
476112 702042 702042
490782 717068 724195
570466 715975 715975
506996 761418 761418
547932 710061 710061
567440 759167 759167
523027 701979 701646
463512 706517 706517
474168 642285 641754
550352 690717 690468
575960 739527 739462
564636 677911 677911
555000 705949 555000
537876 747682 747682
