Buyers: 100 Users: 1000 L: 50 L per user: 20 Max Valution:1000
524888 624866 624866
471250 717736 717736
523740 685756 685756
568912 712229 712229
506933 705190 703698
490257 693673 689798
534939 687644 687644
518364 634329 634329
520800 701574 701574
556259 653444 653444
403770 595693 590381
543760 687761 687761
521136 678262 679291
447720 640732 639529
456660 646531 646531
478815 696387 696387
511784 659093 659093
546252 700750 700750
534197 709140 705676
540649 683294 683294
486522 690998 690271
474045 650578 636416
502619 672608 672608
491946 700663 700172
481535 681211 679035
407772 574127 574127
627395 778777 627395
404549 570260 570260
591870 754436 751064
526894 718220 717680
536312 638048 638048
549990 737409 737409
544324 688821 684108
527616 682917 682917
550712 685348 685348
451435 671600 671600
587100 712272 712272
592800 736346 734963
487578 686088 686088
456966 665847 665847
431046 631836 637527
572268 723042 721416
538684 706521 538684
572516 756784 756784
474435 585859 585859
556626 697997 697195
601613 783580 783319
473370 622863 622863
391860 605702 605702
465588 634389 634294
514920 630882 630882
579828 729876 579828
423900 579631 579128
707256 829363 829338
533722 670497 670497
512052 693430 692464
459914 651074 649997
486366 704085 704881
459295 596382 594267
588236 742339 742339
486700 597249 597249
536002 702324 702324
501840 629717 629717
548042 699765 699765
502970 669122 669122
556690 691521 680569
475923 662199 661377
