Buyers: 100 Users: 1000 L: 50 L per user: 20 Max Valution:1000
501857 633718 633718
552575 724415 724415
517608 699030 699030
472160 643419 643419
497475 622027 622027
450824 622097 622097
464156 608024 607849
524682 625315 524682
547170 684540 684504
372204 571790 570580
553945 687866 683925
541404 755244 755244
527382 735660 734711
509250 680359 678106
441612 645547 645080
419196 600023 600023
553920 738236 738236
505548 704149 704149
566048 731955 718400
521664 713093 713093
568260 742457 742457
590060 716330 590060
461127 618011 618011
504773 710457 710457
483125 702825 702825
649946 743687 649946
569646 735986 735986
519022 622246 615018
552755 696568 695483
563955 688336 679353
589560 768909 768909
594616 767063 767488
608384 795566 795566
524340 675210 674528
652536 763733 762194
513520 696018 702464
594452 697532 697532
566397 737257 566397
592702 695673 694728
505920 692104 691553
483778 691925 691925
456086 633614 633280
497112 706497 706497
498847 669303 668801
587241 744697 744481
531590 697222 696944
490482 630940 630940
526260 685624 685624
491280 617976 617744
618748 755442 755442
559009 703935 703935
519860 684926 684359
526894 745084 745084
523032 652602 652602
484429 631761 629817
491355 702219 702035
499625 641580 641580
514376 688318 688318
558372 708547 708547
462364 690886 690886
505109 671111 669172
569523 748818 748818
528660 625722 625722
503230 684663 684663
581458 712415 718521
530598 727565 727481
594883 736716 594883
395168 563576 564841
575424 724018 723528
538692 719522 714022
370713 560708 563574
617296 733828 733828
527155 651241 649721
531657 660735 660735
578825 744602 744602
481663 624791 624791
470408 626420 626420
517068 673682 673682
535780 681811 681811
509300 691364 688436
447456 655519 655519
509712 635535 633588
568698 710354 710149
388938 599916 599916
568026 702988 700739
499048 706063 705415
500712 678674 678674
454314 593463 593463
549936 686967 686301
507300 646382 646382
514666 637472 637472
404352 607842 607842
598650 704417 598650
473400 683600 681291
484220 600555 600555
507222 686754 687333
522319 646246 642538
545265 711722 711722
535680 704049 703648
539172 754919 754425
547266 709990 709990
523995 703526 701827
545414 656790 654072
563268 694157 694157
580930 768436 771707
494676 668210 667512
582400 766021 766021
487614 669422 669061
467323 674642 675151
523908 700200 699455
476992 681361 676649
586866 739275 739275
345662 486857 486857
489190 638625 638625
523830 689924 703572
516516 659669 659669
543290 744827 750008
585249 722149 721123
528255 645168 645168
