Buyers: 100 Users: 1000 L: 50 L per user: 20 Max Valution:1000
346392 336051
304677 294928
416910 382730
338343 338343
275988 272689
257621 257621
347630 340884
303657 293288
442930 437081
370039 363898
319227 304219
422502 420464
350668 350668
396401 365001
323908 299169
323703 323199
311961 291344
303591 294720
319352 319352
339521 338668
333293 323398
238069 237523
397920 380335
380595 364948
319005 309274
323952 319610
308143 307971
386524 377628
325772 324323
338583 326488
259724 259724
306961 303389
334572 334313
294162 294162
329548 325175
472521 429079
387225 378992
356138 324360
343224 339869
306671 302592
325539 325539
290367 290367
373580 338512
344476 326996
273066 273066
242731 237643
322031 313861
316939 304586
353476 335300
339596 336389
336966 322126
361521 354319
247209 247127
340703 340703
233953 231907
409228 380850
403258 390545
317193 290550
251796 235241
315048 294961
343312 340061
318629 314122
388729 363744
374531 373226
303312 302466
385131 343490
255688 255688
301576 301576
331642 331642
305786 298561
205053 205053
316532 295736
282677 282677
362804 351964
277001 277001
433617 400145
298924 296724
296901 296901
389573 386370
331806 327957
368537 335547
364972 342085
286151 286151
287303 287303
381861 349425
428044 385068
377523 371184
419402 419402
311781 300198
396249 389314
269014 263498
275788 275165
230234 230234
306131 305944
341596 341596
332694 321537
314415 305850
394497 382347
385060 345583
433864 428417
371011 371011
322782 322680
348837 334749
345926 303133
401250 388665
396209 372502
347545 332392
269923 258449
247897 240695
268733 253671
386023 361992
320095 302140
362241 338303
405084 402269
215145 215145
283856 274562
286237 261361
318774 310559
400954 378218
315923 306798
348472 340812
309316 302717
442240 409330
403660 400298
239688 239688
296654 296642
391752 391086
353943 341790
421800 407339
394103 366386
407639 372901
349496 327300
436483 414170
325123 317197
316311 308947
250017 250017
296267 296267
301758 301758
281957 275737
378245 330909
292503 290791
345894 341347
358145 332206
346797 315054
242439 242439
360931 340628
327012 327012
306563 302166
305217 305217
402875 397632
358346 334653
258741 258741
435267 404481
213501 213423
201777 200516
345537 345007
354533 339665
536163 486829
385987 368398
363457 360483
319931 303123
335807 315924
359223 335760
318516 312328
328255 324083
368740 353022
292477 286359
283936 283936
318695 318575
395748 378887
354366 354231
376343 343246
299257 299113
342702 330280
271001 240103
243530 243530
279032 278696
239923 231986
281641 273309
260645 260645
325773 322695
352540 352540
393964 386900
293023 273023
356570 354916
332574 322867
323796 312720
382256 346974
268287 267790
413788 398302
309406 309395
364163 364163
406642 395279
465267 431630
299573 299001
307280 307280
280919 275902
348703 332209
392566 392566
431158 419711
340819 335935
273446 273446
204707 204707
321003 312653
303424 296824
340927 325019
384027 365077
235340 235340
319067 291730
353036 341514
401140 391218
416764 353904
380839 378962
408798 399941
387822 364884
264968 264968
299886 299886
294150 294150
402269 380550
403418 396455
296573 296573
300356 292503
360116 351088
283393 283393
325603 323203
374816 359100
322196 314663
312902 307354
374713 365148
284905 267047
306030 305651
312755 308188
367836 323934
418182 412811
282359 280028
389531 371450
310285 308438
329062 329062
303640 303130
293548 277525
289712 278867
457450 439240
271895 271895
292500 292500
325333 324373
328935 309049
281445 277281
294645 294216
444290 384245
433564 426128
252499 250479
379153 365456
386164 373657
362790 356998
314770 291536
336921 314452
371213 295008
450582 400534
366692 359206
355084 331301
308859 304527
332872 330873
297474 274105
308964 289554
322069 314420
374021 357145
242343 228631
252065 250370
343159 263080
289011 282646
285403 285403
288566 262600
437252 423573
380107 357606
397518 382185
341908 318338
295118 295118
292167 288610
311405 290649
408710 393242
354285 338280
347281 327842
379671 375368
353226 308545
361479 356577
298861 298861
366081 352483
381012 357394
319062 315809
267297 266862
337201 337201
332866 310449
311192 304861
368764 368764
284867 283997
334687 325570
316490 316490
346260 322753
327544 305320
392782 358401
345794 340901
464075 457787
268018 258980
328309 295867
305577 302377
309827 294620
378444 348369
427009 401324
287601 286769
349239 330630
375961 346354
355575 351083
355844 311326
346459 332412
427722 397178
361800 331229
466059 432188
313568 303393
331999 313057
295957 288380
344256 338071
312970 291631
430079 415949
330912 325548
323412 318426
327399 326852
329508 314073
403857 389471
370239 363427
385570 384595
279915 279915
348188 344057
356425 351631
368603 353288
378896 368069
274263 264421
310647 306522
359216 357469
298495 297351
399680 386938
344893 336888
267613 267613
273372 273372
361464 328713
273986 271134
366456 349974
379705 341840
393898 364443
376536 374369
260184 254679
328228 303181
276067 269114
229375 229375
285850 285850
326460 312787
360866 323108
349243 348110
334220 327232
243440 243440
442046 433646
258802 252862
392106 389154
373093 367062
312015 303476
375679 356625
317579 317117
387758 381002
286504 285004
367673 359699
243691 237456
276536 276536
199025 199025
333864 281082
460513 452423
342789 342789
394717 360720
409289 374387
315277 311386
345011 338797
307133 299336
306885 287540
274022 267191
319143 313954
398796 347990
311211 304241
331369 311818
342783 335217
276297 266914
347259 346779
382391 360793
335198 333230
461413 438297
319223 319055
356374 350286
271699 256071
340146 340146
315364 315364
334279 321498
409820 394461
360145 341565
331573 311778
383086 372315
386752 375783
288560 271644
375170 346825
265844 259294
358241 342106
341007 335397
274244 267959
411148 395053
339661 339661
350341 350134
321683 320476
375674 375674
222609 222609
471964 451149
275638 267398
342565 321189
258024 256555
314568 312064
317567 308268
376377 376377
460465 452792
313542 304178
301957 295632
298100 295613
303561 298556
296910 291051
331259 331259
359748 339335
279505 276391
360154 331959
340709 336591
347379 329594
237722 232938
291800 291668
351860 351860
352134 350934
298052 298052
343278 331112
292635 276458
452535 434155
331128 324147
220935 220935
333877 332645
256794 248820
411049 397330
410441 385584
384969 338227
418465 395031
399984 390348
362994 319689
327927 325941
434529 403013
344679 336280
382915 369433
243985 242577
378316 345921
333232 298975
384367 366530
398699 394058
233827 233827
338431 286396
373203 362492
392938 347777
349498 328767
399702 385331
441011 421196
364166 362918
279590 279590
290700 290700
291202 290033
252173 251155
319719 319719
298136 298136
372319 351876
311788 307228
397936 389876
406255 375583
368787 351479
364568 348590
282122 282122
296421 278844
352159 337886
378858 371126
305189 305189
341557 331777
336565 307582
251443 250883
224506 224506
505321 472063
275661 275661
329308 300867
316006 294270
284903 263609
354553 330298
407457 385075
319075 317627
326767 295642
330269 310877
282938 282579
414515 402852
345137 344221
389033 388265
332349 322412
361149 351101
327197 326363
283596 283596
301865 299991
277412 277412
320608 304457
393880 393880
431076 400722
395281 390386
424297 396058
259304 257120
275146 273421
328400 315649
314649 312805
276100 276100
354998 344695
370254 362853
243446 243446
358972 330805
285845 278870
299617 299617
389712 389712
322885 312401
290156 290156
291849 288882
230306 229984
273136 273122
293798 285986
221331 221331
425637 371149
369593 358669
345352 311855
427225 378429
367884 327791
290022 279283
377317 369869
361236 343778
368391 339412
271398 271398
380158 371976
387554 367148
345854 345524
289474 278051
248945 248945
322401 320559
315730 315513
374152 365369
371721 361776
239222 232680
195521 195521
476344 456963
325167 304713
479010 444804
458742 438332
425149 407694
317718 317718
264406 249156
274604 274604
344802 338230
284778 272853
363052 345821
295149 295149
246307 229806
343767 343767
341288 333833
330455 319783
233037 233037
327201 318681
266284 259726
293598 292779
377769 352721
247057 247057
323488 303100
308250 296478
251846 251846
458242 436566
336961 319925
282995 266620
311265 296245
246458 246458
276916 276916
347631 343080
305107 300783
359452 355280
377306 363628
381976 357946
314754 314754
272861 272861
421987 413103
313637 291978
364779 355030
266043 264678
312873 312873
297846 295120
288051 277674
413114 376072
301632 301057
322670 318036
368510 360676
335216 314180
345615 338646
290087 280381
302041 301832
254572 248166
349774 340453
356645 351603
287005 273018
338872 328691
420028 403041
365277 365277
283602 277733
355789 335561
428109 398486
356797 345153
402183 389748
425461 364384
433684 428862
305846 302393
395032 383158
325545 320138
408808 364256
396210 368369
440074 434633
311132 305824
394208 375078
279458 275890
432206 398626
369266 366295
333683 332771
378942 376218
212777 212777
195337 194577
336034 293752
322850 322850
326345 326345
462767 438770
240861 240861
313732 293144
276841 270441
404369 374371
340909 337145
390813 389521
368698 367185
458764 446390
401433 369660
332324 283690
455962 417919
303471 301609
393168 360869
384512 377963
485224 449304
362547 335227
223348 220449
320001 313317
410361 403698
263593 263064
288827 279429
397119 375802
284965 284965
299168 288781
298317 277048
351778 324286
392243 364456
291553 272249
379126 367456
370333 356018
363718 334793
281053 277867
227925 223732
298971 291030
316988 316988
308670 280458
347701 283147
313152 312617
328055 314687
378281 374284
373682 350830
364929 363384
334917 327337
326793 322057
441993 425340
300539 297800
291765 291765
337799 337799
314575 314575
319695 319695
347412 333202
479701 443967
246779 246779
317870 300389
369083 368084
294596 294266
189326 189326
280624 278965
343899 340718
334039 332898
366068 357937
353310 353310
287117 287117
351952 313413
343282 339992
229639 229639
301924 300364
270670 247275
318731 317471
360894 357967
423641 416943
371552 342948
217414 217414
309903 299780
303982 301866
428819 388633
270675 260732
339567 338865
337459 285134
342869 342869
342845 312633
343398 343398
385731 365279
317656 316831
388101 386028
309325 301676
300393 297579
328450 275409
347589 335613
313431 307171
305357 288853
401867 387831
331130 331021
243328 243328
294589 294589
303010 294960
289564 289564
341828 341828
367679 352520
307607 303894
329460 321775
180330 180330
390864 380975
315548 312481
339662 317455
355566 337979
315222 312586
285532 285532
357073 332424
273679 273679
384563 369647
227949 227949
392520 371833
350632 341259
402700 402565
365669 352561
304755 297817
280022 278318
294571 294571
330290 317395
307554 307482
355044 340593
264768 264768
292017 287327
238252 232276
328530 309721
448458 413565
294825 278588
368356 356699
290928 287855
299645 299645
387343 373866
389872 384732
299618 299618
366698 357390
359639 338519
454733 410665
344361 344361
287075 281027
246919 246919
324914 316396
377634 358034
292927 292283
419960 386032
306467 284016
415840 406098
392200 376368
347242 347242
270790 270790
411881 373948
338879 324158
329045 327310
227593 227593
309236 309236
336831 322139
363394 351051
404569 385616
424022 414861
312667 295704
306961 306961
362548 346042
343176 338296
312971 310243
244255 240734
312006 310609
361042 360985
374929 348369
424636 410541
280526 280179
332956 332956
357681 354681
339785 338810
300928 299718
367032 365277
239785 239785
333756 317177
342563 295556
452049 425648
304800 304289
305177 301392
329774 298369
277796 277288
329141 327555
383746 352591
315055 311064
274753 274753
239972 226951
357303 348641
385250 382855
360455 353075
284800 270088
441343 417410
265056 265056
361249 348069
410882 400881
381531 381531
351043 330059
424895 422575
302727 297534
267447 267437
237039 237039
442301 432940
294211 284434
350309 346628
372357 371920
283229 281548
386831 384261
440255 440237
215427 212683
399640 385389
394049 380706
405327 388376
429404 391983
317530 316048
449960 391232
302784 301055
271686 271366
305979 295174
321668 321584
299681 299681
305094 305024
370812 344486
350071 349211
277802 277802
296045 293894
254055 248488
344748 329600
367848 367848
310456 308649
267821 264883
318326 302209
367151 364208
312071 312071
295940 283801
348073 339219
357124 353470
323110 315855
