./optimal 50 200 10 4
Buyers: 50 Users: 200 L: 10 L per user: 4 Max Valution:5
608 734 736
570 694 700
680 680 781
775 884 889
628 628 746
496 496 623
564 686 705
536 703 716
552 649 694
544 581 606
636 636 648
580 672 675
536 567 637
676 811 819
592 720 755
704 710 732
453 542 564
522 585 613
556 584 636
548 731 748
664 664 714
576 659 694
600 703 733
640 703 728
570 659 687
476 476 586
592 614 657
672 741 771
588 596 641
468 606 622
800 800 844
604 639 700
520 520 619
548 548 657
696 724 757
552 589 645
688 688 700
696 790 806
565 680 683
444 555 577
588 706 709
570 700 712
564 672 688
624 710 730
664 770 783
628 636 660
504 588 608
672 672 756
540 645 650
684 801 817
468 604 607
588 668 691
