428243 385388
307041 304881
285449 285449
390057 370823
378082 375585
418398 407207
333419 333311
261452 261452
322580 317856
420801 406962
301109 283537
245320 245320
397191 384030
318927 318906
359893 329916
273476 273476
284881 279790
326932 326813
332924 323587
253714 247086
397840 397769
355308 340251
306278 293702
323826 302992
420254 398873
321130 304273
340422 340422
337257 329558
348711 342730
401561 392412
288022 288022
445520 413257
312078 297662
323411 313510
261139 261139
356595 347146
269282 269282
423895 407639
352477 348182
438649 426217
357104 340310
353820 341224
326184 299942
384831 372778
298352 298352
285560 285560
351393 351393
197983 197983
254389 253871
403628 381596
371955 365456
307018 279566
443024 395854
307932 276408
396288 330631
278744 272506
252262 252262
440798 427555
373866 370066
377307 368847
232314 210299
348297 346758
329594 322023
387976 342121
312934 312700
322653 307798
245526 245526
348674 322859
260216 260216
290204 290204
315315 315315
380595 370410
382971 368414
372985 368646
442516 408661
277798 277798
390685 377492
311505 305009
392665 373014
370938 370938
357518 343566
276857 276857
361221 343501
336254 335964
335480 328502
350530 345242
335202 296629
392357 367298
416840 402028
369503 356722
276440 276440
220312 220312
396500 388650
238858 238858
303800 278780
299978 295676
326157 322515
361997 315587
440770 396219
400056 344470
311519 303625
297485 297485
315663 310343
351809 336302
322092 302199
348601 337911
343638 330447
382880 367941
327959 307952
359504 357304
300955 288705
413765 390886
355405 348625
307481 307481
353458 351030
350651 336009
317837 317837
218969 218969
447954 442522
294742 284504
270570 270570
393027 387655
306486 297918
335605 317198
370863 348279
321919 312929
308787 304361
354166 349350
385052 378486
368836 353568
235204 235204
406457 395714
306072 271921
363799 346728
365454 343936
399711 373631
313468 308238
359948 343632
267630 267630
302991 302991
449938 420273
392237 386984
355779 346697
315553 315037
278137 276435
245848 245848
299322 299322
299632 294266
378386 371536
322530 304762
283641 250050
310738 288407
397338 381253
392155 376938
322333 315380
307130 299010
245947 245947
294555 286245
396316 373010
395043 379837
296074 275614
260395 260395
358840 350088
376925 357783
275118 267474
277919 277919
429355 384847
256119 256119
391702 384185
389283 345219
300671 295310
288725 281554
337356 311799
311171 306052
479618 468834
276284 246655
361912 355649
221839 221839
310204 310204
327301 326410
293978 290036
379263 374103
276776 272956
335620 325553
340272 340168
301835 301835
297797 297797
404559 379012
332771 330536
300302 294259
339337 335619
320726 302484
247340 245319
351476 326270
454476 425316
408857 375344
381672 369414
219431 219431
324300 290246
355374 344467
351993 335403
424715 402850
373033 366708
425408 418411
415330 407773
408902 405011
236337 236337
366897 358609
330478 311067
343928 335682
274140 274140
335838 319957
461104 455868
371628 368103
299460 297742
349780 336524
348091 339258
298941 272124
389426 378364
326268 326268
348179 346110
374053 371274
303503 302651
447872 423078
365556 365556
400650 349751
392149 380826
312613 276780
369930 352248
413423 396137
339525 336399
271902 263470
463708 447563
351510 350882
331197 317088
409875 389906
354101 352485
341226 317893
360778 350948
472111 417582
306782 291869
269350 266076
320955 311747
325624 307515
469375 435945
260099 260099
401595 395745
315199 303144
413042 404439
194730 194730
338459 336263
442886 408602
341137 337222
417805 387540
331494 319452
300222 300222
337104 315922
376592 341448
397300 375544
243409 231857
272710 272710
370046 347988
386863 362210
338387 333763
165001 165001
313617 311547
448976 428082
220350 220350
320563 320452
312707 310029
320890 309475
314151 314151
226746 219068
366767 362095
398448 378321
330216 325800
292764 277531
348830 348830
233279 233055
275592 265477
352368 335648
349390 343163
372894 352902
340014 324971
303538 280453
352436 352436
358623 342371
312335 303375
281927 280097
369765 366443
229165 223743
269463 269463
332494 318866
440238 437374
332609 285889
349546 345025
338730 331632
275709 275709
378944 365367
310631 303262
316963 311381
259912 259912
310366 297039
317652 315397
304307 303953
399127 365724
316869 316824
356245 347035
291571 290251
351394 335777
360657 360315
358690 354403
429723 411973
345881 303814
288578 286743
373249 365537
260626 260166
392080 355348
318140 315847
304512 304512
245824 241613
355580 341677
341514 329354
361212 358187
406378 382296
329486 329234
296769 293277
328492 328492
318275 302240
251650 247220
345314 320983
363267 352000
384169 360851
303471 279565
313804 313804
331242 329567
226113 213471
365995 365425
470138 452565
356527 345693
319032 314395
410110 401512
405020 401270
414362 394189
459091 434993
250613 249128
272534 269399
267750 257213
350968 331791
299787 299787
413355 383746
313004 306800
418893 397792
414870 372096
336830 336005
376782 344179
382008 380233
345674 345404
272705 266868
331851 331831
323048 319534
317239 288812
417271 377828
331371 324158
268338 259657
262881 262657
349162 349162
380498 354276
357873 349336
346216 345503
379848 337715
407859 395880
374794 369216
390644 385257
380384 339166
396136 385126
358956 344095
307981 307653
418398 402000
386543 351969
286355 277900
280934 279714
390711 388870
354761 339855
325281 325153
405866 360589
357537 354171
278401 278401
370724 317936
367979 360251
384924 368979
342267 340055
360784 339654
302301 293751
377761 365356
346450 346450
352618 343911
399381 382599
345083 334337
281267 281267
321355 321355
388974 388974
416225 416065
208392 208392
303374 293091
247469 240360
374280 350444
256919 238297
434277 378065
335720 323689
313377 308597
314172 298475
373245 373245
320202 307110
315608 314264
355491 326539
313533 309643
316480 314712
332645 324077
340835 308325
413122 412458
354731 347270
391200 366379
387122 378881
404831 389621
289466 288672
294060 289428
327773 303068
427560 405651
314566 314563
392875 378240
374512 335023
275178 265144
365839 365543
366740 338669
292894 292218
344149 323345
372327 363549
392822 380086
298013 286992
306274 306274
406748 405514
374439 365999
456225 405909
369257 351261
208880 208598
285891 282575
481750 451554
399476 390841
328853 310549
324309 304227
347442 328612
372655 351694
369801 350558
355762 354670
292607 292607
277229 277229
343644 335885
358757 331348
350672 339049
326915 326915
295803 295803
356886 335860
355653 355383
280448 278459
273875 273875
235970 232250
403137 381964
276940 274249
314303 305598
448975 420154
374481 366597
301574 296258
326496 307231
314369 276867
345979 332190
324190 320297
384266 368480
339740 335007
349114 346928
449574 429504
335786 333316
329029 322563
287106 281185
268480 267145
262694 262694
354779 344543
267674 267674
230234 230234
369692 362115
271699 271699
391373 379710
229743 223612
296391 284947
433692 429250
357034 340864
400109 391518
363658 333898
372236 365228
376209 373581
384970 374433
427655 415027
398346 365556
317156 314227
320009 312129
328251 318879
330184 327907
434970 415677
266590 266302
298983 276959
376560 341959
302716 296668
295091 295091
279944 279944
221203 214723
341008 340165
322202 322202
351084 337870
349446 347523
279887 279887
369378 360019
333764 329498
359898 343945
310600 306656
316448 316448
254043 245873
305818 288359
297264 297264
322527 315568
344998 342203
315652 313843
426568 411737
311186 302680
332097 329235
290700 290700
321658 286934
334443 326425
319817 319817
405839 401775
336802 335662
298725 293326
361885 354819
338418 336858
353303 339339
234740 234740
318884 315976
286649 286649
364591 354547
328877 306634
330573 304444
467380 457802
299537 299038
273484 273484
383874 360444
246343 246343
265597 263179
473985 453785
360706 345368
385555 383509
244974 244974
331809 330981
377814 349407
292325 285560
344033 344033
239622 231023
251909 244450
298505 297631
251943 249001
408988 393808
327340 326889
378752 366296
368237 337114
404029 382262
281007 281007
386286 363675
385791 385791
332910 310083
280303 280303
310781 310013
414879 396460
299409 294989
301573 289159
381008 374430
298430 280696
360235 337836
298516 297459
318764 288756
310228 295608
409324 357985
353027 334513
234195 234195
388795 368550
352015 318573
343635 340031
393982 362809
309923 309923
307539 302572
267707 266518
236707 222164
428669 407487
272925 272925
331483 331483
447214 405466
375503 373243
364024 355964
364357 351583
287127 279390
335495 328440
318760 311615
243918 236125
375922 352923
319102 314525
424473 396544
341878 325549
362551 347276
348710 346538
347588 334460
427071 412487
224033 224033
322166 313214
372513 348233
332888 325064
402127 385183
344225 339519
317351 317351
324602 315706
300642 299408
410878 388798
416903 381901
327684 327684
258156 258156
355177 318639
254368 254368
363774 363774
277908 276007
287924 287924
300073 300073
318336 299739
284515 284515
434315 420147
354121 349627
415287 362699
293649 293649
384269 368489
312636 293840
280555 280555
334041 331818
308094 304969
371448 360769
343392 342942
245784 243528
390621 386046
281598 265853
321963 257311
315310 304637
332873 327029
389182 368505
318577 303590
335307 331976
373580 364323
368600 362791
307245 300590
346893 338456
211308 211308
343007 340973
302574 296347
289603 278482
430434 420254
396122 393842
365078 346939
379921 367633
264405 250668
371365 325296
405939 405939
387766 386508
247332 247332
320304 318927
447223 421079
367072 338585
259094 256777
300845 287282
430172 397321
314946 314946
343451 322059
367603 362718
389198 376026
351972 350999
403064 378889
347491 333378
347610 335358
265440 264382
397064 392872
276022 276022
332187 299296
360574 339495
420840 395255
303888 303888
237388 237388
270708 249322
406714 392838
312085 288132
364027 350194
323104 305428
333269 318580
370275 370275
333515 323282
384657 367892
337507 321442
351840 350016
315187 302697
400789 376337
274371 271290
349500 341943
324808 321702
417278 414625
446315 413646
260197 260197
362945 353445
346338 343260
371575 368152
270670 270670
367244 344296
280908 272707
326342 326009
287070 287049
319893 308456
337014 337014
335666 333300
317090 317090
327821 324267
432037 392948
357689 350985
330042 316941
420296 376550
223309 214637
256738 246164
346643 343945
400088 374713
348709 332637
370143 361558
311474 306574
292608 289459
318224 311236
476541 449600
407453 387781
354864 343166
363682 351425
379014 367903
439216 413624
290747 285897
348465 343131
447669 434188
315054 294065
312696 306378
303314 264463
344916 333020
362810 330390
286829 258962
346430 345464
303863 303863
337143 335224
303621 303611
409025 408521
387638 352641
360398 344847
344443 336784
402488 394694
365125 336338
429107 393730
281356 278130
405544 351703
360958 360943
240481 236551
307078 307078
416234 402127
331651 321965
336594 315151
351553 323407
416318 411736
379185 323704
203103 203103
368039 352959
423846 395544
372046 358403
316795 316795
408648 400521
435031 387939
232049 225209
413208 390538
266788 266100
333151 328753
413705 378152
369829 344832
349554 338650
377715 354943
327987 318004
356385 336640
331409 329589
401009 380403
367175 366922
342465 336102
403381 379935
354079 335389
358773 342046
343269 342524
291917 290450
351961 345757
317679 297975
260856 259706
356856 356131
368154 362372
375026 352890
316614 296600
380058 310200
418261 410983
311210 310526
271723 271439
346660 339905
336116 324077
286597 286597
302469 302425
286882 272112
420398 414541
364204 351373
368047 351935
375583 375583
313164 313164
368388 364992
298939 289318
413924 379059
331950 320292
329193 326727
320314 320314
362461 325777
370456 355382
296401 274463
328453 326755
393474 375804
294552 294552
276891 265951
386997 356800
310723 301862
375780 353975
226955 226955
286405 276172
389356 372956
293017 293017
296853 279728
349172 342848
332934 332934
338998 333376
357263 339631
340114 320142
268935 268935
432209 399335
282294 271019
306436 291149
369910 350333
310827 309910
371360 333287
363877 363877
245564 245564
425337 401594
307809 298664
323086 318141
359381 357849
299754 291409
321903 312091
395649 392670
278828 278164
344052 301090
354967 351938
214472 214444
334141 332288
402422 389765
396042 391235
377450 353748
295028 294704
281937 281937
391828 366724
294567 287202
343579 323649
212685 212685
324865 324865
246962 246962
349605 319867
379996 379996
366325 337522
451965 404765
271108 271108
365600 354534
291323 290891
339986 332803
246499 246499
391944 382300
263188 263188
317985 309721
350714 345964
318447 313371
286069 284162
334732 319609
302150 287104
392635 382786
322858 322261
338079 322234
283916 268977
361991 353448
298818 267892
395891 385771
369684 355369
271607 271607
341981 341981
395945 395227
270365 259268
218802 218802
310104 302153
324376 317604
434010 428750
381623 361723
340127 330394
294822 294822
294549 294549
301779 293645
363979 360137
261637 255659
246066 241933
247129 240759
426724 374734
401007 390940
347107 336146
346494 345522
352770 341358
266618 263072
363324 348735
375211 375211
359909 352386
338470 315308
288723 281553
353497 348232
326202 316654
288873 288873
311441 311315
337347 335307
277393 277393
316738 301662
417249 367667
334652 332736
342726 301508
396821 387904
298504 291029
364719 359570
413178 389053
353521 341272
292465 289983
327742 323995
339777 338961
289284 288199
388328 374042
361847 353891
346882 344718
283835 283835
373627 362628
271832 271650
267503 267503
257038 247548
443865 424520
338387 298963
387712 387712
412884 412070
336305 330418
376517 336279
373258 353598
370349 356346
444966 440549
323530 321186
427125 413960
351093 348893
448040 429836
367902 362944
442208 438731
307518 307198
406343 367398
329426 329426
339609 333937
378083 369987
252955 246911
362045 350354
277326 271870
354721 340020
361600 348611
350935 349059
291985 291640
292229 270255
281222 281222
410824 402593
458045 435117
425018 413419
354710 344875
323409 323031
348178 344208
